5.995703125000000000e+01
1.240273437500000000e+02
5.995703125000000000e+01
1.464023437500000000e+02
5.995703125000000000e+01
1.687773437500000000e+02
6.326171875000000000e+01
1.911523437500000000e+02
7.097265625000000000e+01
2.093320312500000000e+02
8.419140625000000000e+01
2.233164062500000000e+02
9.851171875000000000e+01
2.317070312500000000e+02
1.161367187500000000e+02
2.345039062500000000e+02
1.326601562500000000e+02
2.345039062500000000e+02
1.502851562500000000e+02
2.331054687500000000e+02
1.657070312500000000e+02
2.275117187500000000e+02
1.789257812500000000e+02
2.163242187500000000e+02
1.888398437500000000e+02
2.009414062500000000e+02
1.921445312500000000e+02
1.799648437500000000e+02
1.921445312500000000e+02
1.575898437500000000e+02
1.921445312500000000e+02
1.380117187500000000e+02
1.921445312500000000e+02
1.156367187500000000e+02
7.097265625000000000e+01
1.086445312500000000e+02
8.088671875000000000e+01
1.030507812500000000e+02
9.245312500000000000e+01
1.023515625000000000e+02
1.040195312500000000e+02
1.030507812500000000e+02
1.144843750000000000e+02
1.051484375000000000e+02
1.409218750000000000e+02
1.037500000000000000e+02
1.508359375000000000e+02
1.009531250000000000e+02
1.624023437500000000e+02
1.002539062500000000e+02
1.734179687500000000e+02
9.955468750000000000e+01
1.844335937500000000e+02
1.058476562500000000e+02
1.304570312500000000e+02
1.212304687500000000e+02
1.304570312500000000e+02
1.338164062500000000e+02
1.304570312500000000e+02
1.464023437500000000e+02
1.315585937500000000e+02
1.575898437500000000e+02
1.150351562500000000e+02
1.631835937500000000e+02
1.227460937500000000e+02
1.659804687500000000e+02
1.315585937500000000e+02
1.701757812500000000e+02
1.392695312500000000e+02
1.673789062500000000e+02
1.458789062500000000e+02
1.645820312500000000e+02
8.308984375000000000e+01
1.226289062500000000e+02
8.859765625000000000e+01
1.184335937500000000e+02
1.040195312500000000e+02
1.184335937500000000e+02
1.106289062500000000e+02
1.240273437500000000e+02
1.040195312500000000e+02
1.254257812500000000e+02
8.859765625000000000e+01
1.254257812500000000e+02
1.447773437500000000e+02
1.240273437500000000e+02
1.513867187500000000e+02
1.184335937500000000e+02
1.657070312500000000e+02
1.170351562500000000e+02
1.723164062500000000e+02
1.212304687500000000e+02
1.657070312500000000e+02
1.240273437500000000e+02
1.524882812500000000e+02
1.254257812500000000e+02
1.018164062500000000e+02
1.869570312500000000e+02
1.139335937500000000e+02
1.799648437500000000e+02
1.271523437500000000e+02
1.785664062500000000e+02
1.315585937500000000e+02
1.785664062500000000e+02
1.359648437500000000e+02
1.785664062500000000e+02
1.480820312500000000e+02
1.799648437500000000e+02
1.601992187500000000e+02
1.827617187500000000e+02
1.524882812500000000e+02
1.925507812500000000e+02
1.425742187500000000e+02
1.981445312500000000e+02
1.326601562500000000e+02
1.995429687500000000e+02
1.216445312500000000e+02
1.995429687500000000e+02
1.117304687500000000e+02
1.953476562500000000e+02
1.029179687500000000e+02
1.869570312500000000e+02
1.172382812500000000e+02
1.841601562500000000e+02
1.315585937500000000e+02
1.855585937500000000e+02
1.458789062500000000e+02
1.841601562500000000e+02
1.590976562500000000e+02
1.841601562500000000e+02
1.458789062500000000e+02
1.883554687500000000e+02
1.326601562500000000e+02
1.897539062500000000e+02
1.183398437500000000e+02
1.897539062500000000e+02
